691

781 792 604 23 17 5
781 789 311 10 5
781 788 78 21 5
781 705 708 120 3 5
781 705 707 92 10 5
781 705 536 570 93 5 5
781 705 450 461 105 27 5
781 645 648 201 6 5
781 645 646 654 5 7 5
781 645 476 487 272 21 5
781 645 362 380 316 5 5
781 623 641 303 17 5
781 504 522 115 18 5
781 412 424 162 5 5
781 412 421 122 9 5
781 290 765 769 132 3 5
781 290 621 627 63 31 5
781 290 621 478 496 91 6 5
781 200 678 692 399 160 16 5
781 0 477 493 70 1 5
781 0 477 492 143 12 5
780 787 238 45 5
780 786 163 10 5
780 784 226 40 5
780 784 117 263 3 5
780 720 742 104 3 5
780 720 716 728 148 3 5
780 620 537 574 82 10 5
780 501 510 44 7 5
780 501 509 165 8 5
780 501 502 511 240 5 5
780 501 500 478 496 91 4 5
780 501 206 414 433 87 11 5
780 501 206 414 430 270 1 5
780 411 420 188 8 5
780 272 539 579 282 3 5
780 272 287 189 20 5
780 205 218 524 249 9 5
780 205 216 220 77 17 5
780 138 267 496 91 6 5
780 138 267 264 110 16 5
780 120 270 278 759 135 9 5
780 120 270 277 291 2 5
780 120 270 274 73 10 5
767 778 196 39 5
767 777 80 23 5
767 776 297 11 5
767 775 22 27 5
767 775 102 13 17 5
767 747 761 275 10 5
767 747 533 561 191 27 5
767 679 695 150 14 5
767 660 715 723 142 1 5
767 350 355 221 4 5
767 350 352 256 14 5
767 350 300 308 521 220 10 5
767 300 308 521 220 3 5
767 300 307 200 16 5
767 200 678 692 399 160 5 5
767 200 678 691 222 6 5
767 200 678 690 404 390 40 2 5
767 135 143 278 21 5
766 773 341 129 32 5
766 772 58 44 5
766 772 524 249 4 5
766 771 126 22 5
766 600 605 225 1 5
766 600 604 23 11 5
766 600 602 618 298 4 5
766 505 529 430 270 9 5
766 505 528 518 247 2 5
766 505 527 243 12 5
766 505 524 249 1 5
766 505 523 260 7 5
766 505 450 461 105 5 5
766 351 532 534 563 27 8 5
766 351 532 531 549 43 1 5
766 351 476 487 272 6 5
766 351 476 487 586 156 3 5
766 351 476 487 341 129 1 5
766 351 476 486 145 15 5
766 351 476 484 346 292 2 5
766 351 359 183 11 5
766 351 358 3 3 5
766 162 602 618 298 15 5
766 125 161 171 170 7 5
766 125 129 106 2 5
766 60 68 118 22 5
745 751 250 17 5
745 750 280 12 5
745 749 11 38 5
745 749 178 44 74 2 5
745 747 533 561 191 7 5
745 706 713 73 216 5 5
745 706 712 169 8 5
745 706 711 19 5 5
745 706 710 318 7 5
745 676 683 57 300 21 5
745 676 677 688 108 315 10 5
745 676 677 687 798 97 5 5
745 454 539 579 282 1 5
745 454 451 463 561 191 4 5
745 454 450 461 105 12 5
745 454 362 380 316 4 5
745 454 360 371 317 1 5
745 454 272 287 189 1 5
745 454 272 286 616 211 7 5
745 454 272 285 106 117 6 5
745 415 603 619 229 3 5
745 415 437 219 18 5
745 415 412 421 122 5 5
745 397 406 16 1 5
745 396 602 616 211 11 5
745 320 678 690 404 390 40 1 5
745 295 705 450 461 105 1 5
745 295 600 602 616 211 3 5
745 295 536 570 93 6 5
745 135 143 278 3 5
745 135 142 134 13 5
745 35 59 15 3 5
745 35 58 265 3 5
745 35 54 54 6 5
740 175 31 2
740 720 716 728 148 13 2
740 720 716 727 228 8 2
740 331 62 44 2
718 746 759 135 3 5
718 738 21 32 5
718 717 732 232 15 5
718 717 731 104 90 4 5
718 716 727 228 1 5
718 716 725 42 14 5
718 716 724 10 18 5
718 715 723 142 19 5
718 715 722 130 407 121 11 5
718 670 673 100 296 6 5
718 440 622 634 109 3 5
718 440 445 268 4 5
718 440 443 180 23 5
718 320 678 690 404 390 40 2 5
718 320 411 420 188 13 5
718 320 327 30 7 5
718 320 324 346 292 4 5
718 320 60 68 118 9 5
718 162 602 616 211 15 5
718 126 782 793 254 9 5
718 126 782 32 46 52 1 5
718 126 680 704 181 15 5
718 126 680 703 76 10 5
718 126 680 700 223 2 5
718 126 530 543 144 3 5
718 30 37 295 2 5
718 30 36 193 5 5
697 308 24 2
697 680 700 223 4 2
697 680 698 248 9 2
697 659 285 32 2
697 659 647 746 759 135 2 2
697 659 647 657 114 3 2
697 659 647 656 339 215 2 2
694 287 29 2
694 679 695 150 10 2
694 679 695 557 276 2 2
694 679 271 283 25 9 2
694 383 123 38 2
694 383 614 125 1 2
674 152 28 2
674 10 116 41 2
674 10 586 156 2 2
661 670 673 100 296 8 5
661 670 671 101 26 5
661 669 81 209 15 5
661 668 138 4 5
661 667 712 169 16 5
661 667 712 227 75 22 5
661 666 304 30 5
661 647 656 339 215 3 5
661 647 655 82 290 12 5
661 647 534 563 27 4 5
661 647 534 562 274 10 5
661 452 451 463 561 191 8 5
661 452 451 463 328 37 1 5
661 452 324 346 292 8 5
661 452 324 346 291 119 2 5
661 452 324 345 35 1 5
661 452 324 344 555 244 12 5
661 452 324 343 224 11 5
661 441 622 634 109 4 5
661 366 394 81 5 5
661 208 230 184 8 5
661 162 602 616 211 7 5
661 162 176 223 314 4 5
661 162 174 210 8 5
661 120 270 274 73 7 5
661 61 73 216 11 5
661 61 72 34 2 5
661 1 715 722 130 407 121 1 5
651 299 38 2
651 646 654 5 1 2
651 646 653 257 19 2
651 646 652 171 12 2
651 193 7 22 2
637 218 17 2
637 623 640 151 1 2
637 623 639 38 5 2
637 236 307 41 2
637 236 210 238 259 7 2
628 12 73 3
628 622 634 109 4 3
628 622 633 312 4 3
628 617 124 30 3
628 617 602 616 211 8 3
628 617 602 615 787 238 11 3
628 9 0 477 492 143 8 3
628 9 0 7 236 3 3
625 167 65 4
625 776 297 44 4
625 620 537 574 82 15 4
625 620 87 104 90 23 4
625 493 70 11 4
593 234 11 1
593 582 591 49 6 1
593 582 537 574 82 1 1
593 156 100 23 1
580 767 135 142 134 10 5
580 767 135 140 140 5 5
580 767 135 140 776 297 5 5
580 676 677 687 798 97 4 5
580 676 536 570 93 3 5
580 676 536 569 223 314 13 5
580 676 211 765 769 132 6 5
580 676 211 765 768 176 6 5
580 676 211 212 242 212 2 5
580 676 211 212 209 234 17 4 5
580 670 671 101 3 5
580 670 671 404 390 40 4 5
580 670 671 309 430 270 4 5
580 670 602 615 787 238 5 5
580 670 602 614 125 4 5
580 670 602 613 241 24 5
580 585 45 21 5
580 584 283 25 14 5
580 583 705 450 461 105 1 5
580 582 537 574 82 1 5
580 582 441 622 633 312 12 5
580 582 34 53 103 20 5
580 581 588 18 15 5
580 581 586 156 5 5
580 581 186 191 28 7 5
580 397 406 16 6 5
580 250 646 652 171 1 5
580 250 257 48 2 5
580 250 254 283 3 5
580 250 252 266 269 9 5
580 120 123 153 4 5
580 120 122 776 297 4 5
580 3 411 418 24 20 5
580 3 322 397 406 16 3 5
577 88 23 1
577 538 576 61 3 1
577 464 451 463 328 37 3 1
577 464 23 60 10 1
558 199 23 1
558 533 561 191 1 1
558 533 557 276 10 1
503 795 798 97 33 5
503 795 796 302 13 5
503 675 681 127 15 5
503 675 679 271 283 25 6 5
503 517 59 12 5
503 515 392 549 43 9 5
503 515 43 663 634 109 6 5
503 515 43 461 105 7 5
503 514 217 11 5
503 512 86 24 5
503 504 522 115 8 5
503 504 521 220 6 5
503 500 478 496 91 14 5
503 500 478 495 39 7 5
503 500 397 406 16 6 5
503 411 418 24 8 5
503 411 417 131 289 7 5
503 290 621 478 495 39 7 5
503 290 600 602 613 241 2 5
503 290 600 120 85 94 214 1 5
503 290 583 705 450 460 387 198 4 5
503 64 82 290 6 5
503 5 29 293 17 5
503 5 28 194 16 5
503 5 26 262 5 5
498 261 35 1
498 14 177 7 1
473 72 87 4
473 614 125 20 4
473 614 369 65 4 4
473 454 272 285 106 117 15 4
473 454 272 284 752 251 14 4
473 454 120 85 94 214 6 4
473 27 190 22 4
473 27 5 26 262 4 4
400 146 36 2
400 395 795 796 302 5 2
400 395 795 715 722 130 407 121 1 2
400 395 795 660 715 722 102 13 5 2
400 395 795 660 715 722 46 52 5 2
400 395 795 660 678 690 404 390 40 4 2
395 706 710 318 2 5
395 706 710 458 266 14 5
395 706 504 521 220 8 5
395 706 323 339 215 2 5
395 706 212 209 234 17 9 5
395 677 687 798 97 22 5
395 677 687 221 112 2 5
395 677 686 178 7 5
395 677 679 271 283 25 8 5
395 677 200 678 690 404 390 40 4 5
395 677 200 678 690 44 74 5 5
395 670 602 613 241 3 5
395 670 602 612 161 6 5
395 670 538 576 61 1 5
395 670 538 575 108 5 5
395 670 538 534 562 274 12 5
395 670 272 284 752 251 3 5
395 670 200 678 690 44 74 4 5
395 670 164 184 230 9 5
395 645 362 380 316 6 5
395 645 1 715 722 46 52 5 5
395 477 492 143 16 5
395 453 213 244 294 10 5
395 401 653 257 10 5
395 401 653 586 156 4 5
395 399 160 10 5
395 251 272 284 752 251 7 5
395 251 263 168 7 5
395 2 441 622 633 312 2 5
395 2 441 449 98 6 5
395 2 160 167 41 575 108 11 5
395 2 160 166 51 1 5
395 2 120 85 94 214 14 5
395 2 120 85 93 187 8 5
395 2 16 273 4 5
395 2 15 154 3 5
325 795 660 665 33 11 5
325 795 533 557 276 6 5
325 795 533 555 244 13 5
325 795 533 553 271 6 5
325 795 62 530 543 144 3 5
325 795 62 530 542 191 28 1 5
325 363 385 279 13 5
325 349 41 22 5
325 347 206 2 5
325 324 343 224 8 5
325 324 342 79 7 5
325 323 339 215 13 5
325 323 336 133 14 5
325 323 335 179 20 5
325 323 324 342 79 2 5
325 321 532 531 549 43 1 5
325 321 328 37 9 5
325 321 322 397 406 16 18 5
325 321 322 397 405 235 6 5
325 303 535 536 569 223 314 15 5
325 303 535 536 568 567 112 306 1 5
325 303 535 536 567 112 306 2 5
325 303 535 207 224 96 4 5
325 207 224 96 4 5
325 207 223 314 3 5
325 200 678 690 44 74 1 5
325 200 450 460 387 198 17 5
325 200 450 458 266 1 5
325 2 15 154 5 5
325 2 11 111 16 5
325 2 1 715 722 46 52 2 5
325 2 1 715 721 492 143 2 5
325 2 1 10 586 156 2 5
319 84 21 2
319 666 304 12 2
319 368 53 41 2
319 303 318 32 7 2
319 303 316 267 15 2
310 66 50 3
310 301 602 612 161 4 3
310 301 309 430 270 21 3
310 301 207 223 314 7 3
310 96 29 47 3
304 69 38 2
304 386 364 361 376 574 82 8 2
304 300 307 200 13 2
302 765 768 176 13 5
302 717 731 104 90 12 5
302 660 665 33 7 5
302 624 622 633 312 9 5
302 624 622 630 110 277 8 5
302 624 622 629 207 12 5
302 477 492 143 4 5
302 451 463 328 37 4 5
302 363 385 279 30 5
302 363 382 99 11 5
302 351 357 95 6 5
302 351 356 239 2 5
302 315 173 6 5
302 313 14 8 5
302 303 316 267 4 5
302 300 307 200 11 5
302 300 307 638 107 4 5
302 252 266 269 2 5
302 185 351 356 239 5 5
302 185 300 307 638 107 5 5
302 185 300 306 164 2 5
302 162 174 210 16 5
302 162 174 461 105 8 5
302 162 173 46 52 14 5
302 138 267 264 110 8 5
302 35 54 54 6 5
302 5 26 262 30 5
302 5 4 25 182 3 5
295 536 567 112 306 20 5
295 479 660 665 33 4 5
295 479 660 663 634 109 6 5
295 479 660 662 94 3 5
295 479 366 394 81 7 5
295 441 449 98 17 5
295 441 448 8 6 5
295 441 361 376 574 82 3 5
295 412 421 122 5 5
295 360 369 65 7 5
295 360 368 53 15 5
295 360 368 242 212 2 5
295 360 366 394 81 12 5
295 297 246 22 5
295 211 212 209 234 17 9 5
295 211 210 238 259 6 5
295 211 210 207 223 314 3 5
295 208 230 184 9 5
295 163 504 521 220 25 5
295 163 504 519 50 13 5
295 136 530 542 191 28 15 5
295 136 478 495 39 3 5
295 136 145 47 6 5
295 86 96 29 6 5
295 86 64 82 290 26 5
294 301 35 3
294 290 583 705 450 458 266 4 3
294 290 583 705 450 457 130 4 3
294 290 583 705 450 456 202 6 3
294 290 583 705 450 455 220 77 2 3
294 290 583 705 363 381 221 112 6 3
294 290 583 595 213 13 3
294 290 583 594 540 208 2 3
294 275 319 35 3
290 583 594 540 208 5 5
290 537 574 82 8 5
290 537 571 0 12 5
290 537 534 562 274 3 5
290 537 534 562 100 296 1 5
290 504 519 50 8 5
290 504 518 247 18 5
290 453 213 244 294 2 5
290 453 213 209 233 253 1 5
290 365 387 198 1 5
290 361 376 574 82 13 5
290 322 397 405 235 3 5
290 322 397 404 390 40 10 5
290 322 397 403 155 7 5
290 322 332 57 12 5
290 322 331 62 3 5
290 322 330 147 6 5
290 293 203 16 5
290 293 28 194 4 5
290 291 119 15 5
290 205 216 220 77 17 5
290 205 214 55 17 5
290 160 166 51 3 5
290 125 129 106 1 5
290 125 128 227 75 9 5
290 61 72 34 11 5
290 34 53 103 7 5
290 34 51 233 9 5
290 34 33 49 9 13 5
290 32 46 52 7 5
290 32 44 74 8 5
253 746 759 135 3 5
253 746 756 192 1 5
253 719 716 724 10 4 5
253 719 716 724 526 67 6 5
253 719 715 721 492 143 4 5
253 719 715 721 492 313 14 2 5
253 719 715 721 143 278 16 5
253 719 715 450 455 220 77 1 5
253 719 200 450 455 220 77 8 5
253 451 463 328 37 6 5
253 364 361 376 574 82 2 5
253 350 300 306 164 17 5
253 350 163 504 518 247 1 5
253 350 161 171 170 2 5
253 323 324 342 79 7 5
253 323 324 341 129 32 5
253 268 507 500 397 403 155 7 5
253 268 82 37 295 6 5
253 251 263 168 4 5
253 251 261 1 20 5
253 250 252 265 252 16 5
253 250 252 264 110 3 5
253 250 252 264 616 211 4 5
253 213 209 233 253 5 5
253 210 207 223 314 17 5
253 126 530 542 191 28 5 5
253 126 479 366 394 81 1 5
253 126 366 394 81 6 5
253 126 366 393 83 5 5
253 126 270 274 73 7 5
253 126 213 209 233 253 4 5
253 126 213 209 232 128 6 5
253 32 44 74 22 5
199 174 46 2
199 226 46 38 2
188 139 41 2
188 185 300 306 164 5 2
188 185 164 184 230 11 2
187 748 764 227 24 5
187 748 747 533 553 271 4 5
187 748 603 619 229 4 5
187 748 206 414 430 270 7 5
187 675 679 271 283 25 13 5
187 675 535 207 223 314 11 5
187 675 535 207 223 291 119 1 5
187 623 639 38 15 5
187 623 639 495 39 1 5
187 623 639 51 233 14 5
187 623 639 51 424 162 10 5
187 623 638 107 7 5
187 623 365 387 198 3 5
187 601 678 690 44 74 1 5
187 601 678 689 4 8 5
187 601 609 68 21 5
187 601 607 420 188 4 5
187 601 606 149 2 5
187 440 443 180 8 5
187 440 442 26 262 5 5
187 440 60 68 118 4 5
187 440 60 67 493 70 2 5
187 440 60 62 530 542 191 28 8 5
187 440 60 62 530 540 208 2 5
187 440 34 33 49 9 8 5
187 440 30 36 193 4 5
187 197 495 39 15 5
187 62 530 540 208 2 5
187 4 25 182 18 5
187 4 24 36 24 5
169 89 33 2
169 439 318 32 23 2
169 161 171 170 5 2
155 782 32 44 74 1 5
155 747 533 553 271 1 5
155 646 652 171 4 5
155 531 549 43 3 5
155 531 545 511 240 10 5
155 501 206 414 430 270 9 5
155 501 206 220 77 3 5
155 475 483 368 242 212 3 5
155 454 120 85 93 187 4 5
155 454 30 36 193 3 5
155 413 429 102 5 5
155 413 428 31 25 5
155 413 412 421 122 4 5
155 396 602 612 161 6 5
155 396 402 2 20 5
155 396 272 284 752 251 10 5
155 362 380 316 10 5
155 362 379 185 25 5
155 362 363 381 221 112 4 5
155 361 376 574 82 3 5
155 361 376 574 784 117 263 4 5
155 361 375 385 279 15 5
155 361 373 242 8 5
155 350 161 171 170 7 5
155 273 289 288 5 5
155 271 283 25 3 5
155 186 191 28 22 5
155 186 191 349 41 17 5
155 186 190 131 11 5
155 157 665 33 1 5
155 137 270 274 73 4 5
148 286 36 2
148 665 33 13 2
148 665 604 23 31 2
148 137 270 274 73 4 2
148 137 147 205 8 2
115 136 45 2
115 96 29 27 2
115 96 28 194 14 2
95 71 42 2
95 791 245 30 2
95 85 93 187 14 2
95 85 93 80 264 7 2
91 746 756 192 5 5
91 746 755 258 23 5
91 746 753 255 19 5
91 475 483 368 242 212 7 5
91 475 481 20 5 5
91 475 31 41 575 108 4 5
91 475 31 40 56 5 5
91 475 31 39 172 8 5
91 475 31 38 221 112 13 5
91 366 393 83 1 5
91 366 391 313 8 5
91 366 390 40 14 5
91 366 389 166 2 5
91 126 213 209 232 128 5 5
91 126 200 450 455 220 77 3 5
91 126 200 366 389 166 5 5
91 126 200 203 305 3 5
91 126 133 618 298 1 5
91 126 131 289 1 5
91 126 31 38 221 112 2 5
91 118 231 19 5
91 117 263 32 5
91 117 424 162 1 5
91 116 137 17 5
91 87 104 90 14 5
91 87 103 486 145 14 5
91 85 93 80 264 14 5
91 85 92 281 5 5
89 538 534 562 100 296 11 5
89 452 324 341 129 12 5
89 351 356 239 13 5
89 351 273 289 288 3 5
89 351 186 190 131 2 5
89 211 210 207 223 291 119 6 5
89 211 210 207 222 158 7 5
89 211 210 207 221 112 12 5
89 211 207 221 112 10 5
89 186 190 131 2 5
89 186 189 284 14 5
89 112 306 27 5
89 110 277 4 5
89 109 159 22 5
89 108 315 1 5
89 107 787 238 12 5
89 107 108 315 21 5
89 90 677 200 203 305 8 5
89 90 677 200 201 64 3 5
89 90 270 274 73 3 5
89 90 113 26 11 5
89 90 88 478 495 39 1 5
89 90 87 103 486 145 3 5
89 90 87 101 157 11 5
89 90 87 100 296 4 5
89 88 478 495 39 3 5
89 88 478 495 574 784 117 424 162 7 5
89 88 478 494 195 1 5
89 88 106 117 424 162 10 5
89 88 105 528 518 247 5 5
89 87 100 296 1 5
63 720 716 724 526 67 1 5
63 720 716 724 405 235 4 5
63 670 164 184 230 10 5
63 670 164 182 141 1 5
63 670 164 181 197 10 5
63 670 32 44 74 1 5
63 477 492 313 14 1 5
63 477 490 85 6 5
63 477 488 186 1 5
63 301 207 221 112 1 5
63 295 86 64 82 37 295 1 5
63 295 61 72 34 10 5
63 295 61 72 584 283 25 5 5
63 295 61 69 309 6 5
63 295 61 64 82 37 295 3 5
63 295 61 64 81 209 9 5
63 295 61 64 80 264 6 5
63 295 31 38 221 112 3 5
63 251 261 1 1 5
63 251 259 375 385 279 5 5
63 251 259 375 142 134 16 5
63 210 207 221 112 1 5
63 208 230 184 6 5
63 208 229 82 37 295 2 5
63 208 228 6 29 5
63 208 209 232 128 2 5
63 208 209 231 113 2 5
63 76 237 12 5
63 75 184 230 14 5
63 64 80 264 7 5
63 64 80 403 155 1 5
63 62 530 540 208 2 5
63 60 62 530 540 208 30 5
63 1 10 586 156 41 5
6 310 17 2
6 183 204 33 2
6 0 7 236 3 2
